ks <- c(2:10, 25, 100, 200) #Number of topics
iter <- 20 # Iterations
burnin <- 10
keep <- 2
alpha <- 1
delta <- 0.1